2101467667516
2127588012767
2136312645188
909093526335
408614093938
1589354102860
618491033380
1013720695571
1177574699712
1075275471188
324132994425
412917211799
1783105456528
609894811505
193721877704
2351807726967
1097634726055
1248641904456
1823577383503
45477228526
2590847929394
1563195054450
1656391467433
68149919032
533748140407
2508406743869
685384680007
346242801951
1963398107714
1594255429789
547107157901
372392142975
1409740713421
2266111959639
1029261123012
2101884410774
212655829497
1875500359253
608010646476
1355941373202
101580447726
530299379401
1224948147167
1935682972556
369245203731
2084995661105
511777236908
1521867552744
2294600407377